set NATL10 = (1000 7000 7001 7003 7004 7005 7101 7102 7103 7104 7105 7106 7107 7108 7109 7201 7202 7203 7204 7205 7206 7207 7208 7209 7300 7301 7302 7303 7304 7305 7306 7307 7308 7400 7401 7402 7403 7404 7405 7406 7407 7500 7501 7502 7503 7504 7505 7506 7600 7601 7602 7603 7604 7605 7606 )

set ARCTIC10 = (1500 1600 1601 1602 1603 1604 1605 1606 1607 1617 1700 1701 1702 1703 1704 1705 1706 1707 1708 1709 1710 1711 1712 1713 1714 1715 1716 1717 1800 1801 1802 1803 1813 1814 1815 1816 1817 7600 7601 7602 7603 7605 7606 7607 7608 7609 7610 7611 7612 7613 7614 7616 7617 7700 7701 7702 7705 7706 7707 7708 7709 7710 7711 7712 7713 7714 7715 7716 7717 7800 7801 7802 7803 7804 7805 7806 7807 7808 7809 7810 7811 7812 7813 7814 7815 7816 7817 )

set SATL10 = (3000 3001 3100 3101 3200 3201 3300 3301 3400 3401 3500 3501  3600 3601 5000 5001 5002 5003 5004 5100 5101 5102 5103 5200 5201 5202 5203 5204 5300 5301 5302 5303 5304 5305 5306 5400 5401 5402 5403 5404 5405 5406 5500 5501 5502 5503 5504 5505 5506 5600 5601 5602 5603 5604 5605 5606 5700 5701 5702 5703 5704 5705 5706 )

set IND = (1205 1206 1207 1208 1209 1105 1106 1107 1108 1109 1004 1005 1006 1007 1008 1009 3003 3004 3005 3006 3007 3008 3009 3010 3011 3103 3104 3105 3106 3107 3108 3109 3110 3111 3112 3203 3204 3205 3206 3207 3208 3209 3210 3211 3302 3303 3304 3305 3306 3307 3308 3309 3310 3311 3312 3313 3314 3402 3403 3404 3405 3406 3407 3408 3409 3410 3411 3412 3413 3414 3502 3503 3504 3505 3506 3507 3508 3509 3510 3511 3512 3513 3514 3602 3603 3604 3605 3606 3607 3608 3609 3610 3611 3612 3613 3614)

set SPAC = (3011 3012 3013 3014 3015 3016 3017 5017 5016 5015 5014 5013 5012 5011 5010 5009 5008 5007 3113 3114 3115 3116 3117 5117 5116 5115 5114 5113 5112 5111 5110 5109 5108 5107 3214 3215 3216 3217 5217 5216 5215 5214 5213 5212 5211 5210 5209 5208 5207 3315 3316 3317 5317 5316 5315 5314 5313 5312 5311 5310 5309 5308 5307 3415 3416 3417 5417 5416 5415 5414 5413 5412 5411 5410 5409 5408 5407 3515 3516 3517 5517 5516 5515 5514 5513 5512 5511 5510 5509 5508 5507 3615 3616 3617 5617 5616 5615 5614 5613 5612 5611 5610 5609 5608 5607 3716 3717 5717 5716 5715 5714 5713 5712 5711 5710 5709 5708 5707)

set NPAC = (1010 1011 1012 1013 1014 1015 1016 1017 7017 7016 7015 7014 7013 7012 7011 7010 7009 7008 7007 1110 1111 1112 1113 1114 1115 1116 1117 7117 7116 7115 7114 7113 7112 7111 7110 7109 7108 1210 1211 1212 1213 1214 1215 1216 1217 7217 7216 7215 7214 7213 7212 7211 7210 1312 1313 1314 1315 1316 1317 7317 7316 7315 7314 7313 7312 7311 1412 1413 1414 1415 1416 1417 7417 7416 7415 7414 7413 7412 1514 1515 1516 1517 7517 7516 7515 7514 7513 7512)
