0 101 201
10 101 201
20 101 201
30 101 201
50 101 201
75 101 201
100 101 201
125 101 201
150 101 201
200 101 301
250 101 301
300 101 301
350 101 301
400 101 301
450 101 301
500 101 301
600 101 301
700 101 301
800 101 301
900 101 301
1000 101 301
1100 101 401
1200 101 401
1300 101 401
1400 101 401
1500 101 401
1600 101 401
1700 101 401
1800 101 401
1900 101 401
2000 101 401
2250 101 401
2500 101 401
2750 101 401
3000 101 401
3500 101 401
4000 101 401 
4500 101 401 
5000 101 401 
5500 101 401 
6000 101 401
