0 401 401
10 401 401
20 401 401
30 401 401
50 401 401
75 401 401
100 401 401
125 401 401
150 401 401
200 401 401
250 401 401
300 401 401
350 401 401
400 401 401
450 401 401
500 401 401
600 401 401
700 401 401
800 401 401
900 401 401
1000 401 401
1100 401 401
1200 401 401
1300 401 401
1400 401 401
1500 401 401
1600 401 401
1700 401 401
1800 401 401
1900 401 401
2000 401 401
2250 401 401
2500 401 401
2750 401 401
3000 401 401
3500 401 401
4000 401 401 
4500 401 401 
5000 401 401 
5500 401 401 
6000 401 401
